   61.6130   40.0845
   65.5017   19.3436
   53.2235   31.2011
   62.5865   23.4657
   60.9563   33.6422
   56.0769   22.7961
   58.6992   35.8796
   61.0279   38.8724
   70.7352   50.5427
   68.3083   27.6705
   55.9503    4.3397
   69.1048   19.9249
   62.1762   46.2551
   59.8108   17.1341
   62.1442   41.5314
   59.3851   31.4886
   59.6276   47.2404
   64.4691    6.4692
   64.2271   27.6276
   64.2516   15.5059
   62.0145   64.8961
   56.3775   39.9026
   62.1517   46.5477
   64.8907   17.3018
   61.4667   24.3766
   63.1041   26.7304
   62.1807   43.1811
   59.0897   26.6655
   60.8816   38.4185
   57.6382    5.3782
   62.6652   25.7538
   56.5588   20.1170
   56.7934   11.0753
   57.5715   36.0957
   51.1671   33.3838
   64.3151   30.4018
   60.9756   13.9959
   57.7352   43.5299
   64.1109   34.2022
   54.8655   26.4112
   59.6933   30.2747
   59.2757   26.8561
   60.9576    8.9975
   60.9386   26.5722
   57.4054   20.0236
   59.9098   18.2495
   59.5054   16.1232
   61.8831   23.5973
   63.2798    5.9684
   63.3278   41.5708
   57.4090   36.2407
   60.2321   29.7597
   56.3576   29.5827
   56.6595   20.4220
   59.9795   42.2242
   64.5979   28.4014
   57.6910   21.4256
   61.1141   46.2166
   59.3232   27.3027
   63.3521   22.9317
   56.7328   26.4750
   60.0977   19.8249
   61.6576   16.5585
   63.3018   60.3120
   64.6326   49.8660
   60.2578   33.6904
   55.5252   14.9146
   57.7731   19.6144
   56.8153   27.8816
   67.0514   39.4970
   58.1532   14.0159
   62.2442    2.0416
   59.4227   12.6108
   62.6658   34.0021
   57.7055   34.6962
   55.7932   35.4202
   55.7329   28.4366
   61.4646   32.2043
   59.4679   24.2862
   59.4118   40.3443
   64.2579   13.6597
   60.8748   35.4604
   60.5934   19.8155
   64.7631   25.9814
   57.5866   36.6334
   62.0899   42.4691
   62.5053   16.5883
   59.2689   45.1279
   60.6470   37.9217
   56.5025   29.1856
   56.5561   27.6573
   60.3146   27.3887
   62.1668   26.3627
   67.7565   30.2765
   57.9993   30.6155
   60.5620   39.9128
   59.7525   48.3237
   54.2009   35.6030
   58.6831   27.4834
   54.6160   37.5023