    1.0000    1.0165    0.0165
    1.0000    0.6639   -0.3361
    1.0000    1.0165    0.0165
    1.0000    0.8952   -0.1048
    1.0000    1.0165    0.0165
    1.0000    0.6672   -0.3328
    1.0000    1.0165    0.0165
    1.0000    1.0165    0.0165
    1.0000    1.0166    0.0166
    1.0000    1.0165    0.0165
    1.0000    0.6537   -0.3463
    1.0000    0.6640   -0.3360
    1.0000    1.0166    0.0166
    1.0000    0.6639   -0.3361
    1.0000    1.0165    0.0165
    1.0000    1.0165    0.0165
    1.0000    1.0167    0.0167
    1.0000    0.6639   -0.3361
    1.0000    1.0165    0.0165
    1.0000    0.6639   -0.3361
    1.0000    1.0235    0.0235
    1.0000    1.0166    0.0166
    1.0000    1.0166    0.0166
    1.0000    0.6639   -0.3361
    1.0000    1.0021    0.0021
    1.0000    1.0165    0.0165
    1.0000    1.0166    0.0166
    1.0000    1.0165    0.0165
    1.0000    1.0165    0.0165
    1.0000    0.6639   -0.3361
    1.0000    1.0164    0.0164
    1.0000    0.6639   -0.3361
    1.0000    0.6639   -0.3361
    1.0000    1.0165    0.0165
    1.0000    1.0165    0.0165
    1.0000    1.0165    0.0165
    1.0000    0.6639   -0.3361
    1.0000    1.0166    0.0166
    1.0000    1.0165    0.0165
    1.0000    1.0161    0.0161
    1.0000    1.0165    0.0165
    1.0000    1.0165    0.0165
    1.0000    0.6639   -0.3361
    1.0000    1.0165    0.0165
    1.0000    0.6639   -0.3361
    1.0000    0.6639   -0.3361
    1.0000    0.6639   -0.3361
    1.0000    0.9035   -0.0965
    1.0000    0.6639   -0.3361
    1.0000    1.0165    0.0165
    1.0000    1.0165    0.0165
    1.0000    1.0165    0.0165
    1.0000    1.0165    0.0165
    1.0000    0.6639   -0.3361
    1.0000    1.0166    0.0166
    1.0000    1.0165    0.0165
    1.0000    0.6640   -0.3360
    1.0000    1.0166    0.0166
    1.0000    1.0165    0.0165
    1.0000    0.7751   -0.2249
    1.0000    1.0164    0.0164
    1.0000    0.6639   -0.3361
    1.0000    0.6639   -0.3361
    1.0000    1.0188    0.0188
    1.0000    1.0167    0.0167
    1.0000    1.0165    0.0165
    1.0000    0.6639   -0.3361
    1.0000    0.6639   -0.3361
    1.0000    1.0165    0.0165
    1.0000    1.0165    0.0165
    1.0000    0.6639   -0.3361
    1.0000    0.6639   -0.3361
    1.0000    0.6639   -0.3361
    1.0000    1.0165    0.0165
    1.0000    1.0165    0.0165
    1.0000    1.0165    0.0165
    1.0000    1.0165    0.0165
    1.0000    1.0165    0.0165
    1.0000    0.9709   -0.0291
    1.0000    1.0165    0.0165
    1.0000    0.6639   -0.3361
    1.0000    1.0165    0.0165
    1.0000    0.6639   -0.3361
    1.0000    1.0165    0.0165
    1.0000    1.0165    0.0165
    1.0000    1.0166    0.0166
    1.0000    0.6639   -0.3361
    1.0000    1.0166    0.0166
    1.0000    1.0165    0.0165
    1.0000    1.0165    0.0165
    1.0000    1.0165    0.0165
    1.0000    1.0165    0.0165
    1.0000    1.0165    0.0165
    1.0000    1.0165    0.0165
    1.0000    1.0165    0.0165
    1.0000    1.0165    0.0165
    1.0000    1.0168    0.0168
    1.0000    1.0165    0.0165
    1.0000    1.0165    0.0165
    1.0000    1.0165    0.0165
    1.0000    1.0165    0.0165
    1.0000    1.0165    0.0165
    1.0000    0.4262   -0.5738
    1.0000    1.0165    0.0165
    1.0000    1.0165    0.0165
    1.0000    1.0087    0.0087
    1.0000    1.0165    0.0165
    1.0000    1.0165    0.0165
    1.0000    1.0165    0.0165
    1.0000    1.0165    0.0165
    1.0000    0.1463   -0.8537
    1.0000    1.0165    0.0165
    1.0000    1.0165    0.0165
    1.0000    1.0160    0.0160
    1.0000    1.0165    0.0165
    1.0000    1.0165    0.0165
    1.0000    1.0165    0.0165
    1.0000    0.8333   -0.1667
    1.0000    1.0165    0.0165
    1.0000    1.0163    0.0163
    1.0000    1.0166    0.0166
    1.0000    1.0165    0.0165
    1.0000    1.0165    0.0165
    1.0000    1.0165    0.0165
    1.0000    1.0165    0.0165
    1.0000    1.0165    0.0165
    1.0000    1.0165    0.0165
    1.0000    1.0165    0.0165
    1.0000    1.0165    0.0165
    1.0000    0.6638   -0.3362
    1.0000    1.0165    0.0165
    1.0000    1.0133    0.0133
    1.0000    0.8317   -0.1683
    1.0000    1.0165    0.0165
    1.0000    0.4096   -0.5904
    1.0000    1.0165    0.0165
    1.0000    1.0128    0.0128
    1.0000    1.0165    0.0165
    1.0000    1.0165    0.0165
    1.0000    0.8529   -0.1471
    1.0000    1.0165    0.0165
    1.0000    1.0165    0.0165
    1.0000    0.8723   -0.1277
    1.0000    1.0165    0.0165
    1.0000    1.0162    0.0162
    1.0000    1.0163    0.0163
    1.0000    1.0152    0.0152
    1.0000    1.0165    0.0165
    1.0000    0.7546   -0.2454
    1.0000    1.0165    0.0165
    1.0000    1.0165    0.0165
    1.0000    1.0165    0.0165
    1.0000    1.0162    0.0162
    1.0000    1.0145    0.0145
    1.0000    1.0165    0.0165
    1.0000    1.0165    0.0165
    1.0000    1.0164    0.0164
    1.0000    1.0165    0.0165
    1.0000    1.0165    0.0165
    1.0000    1.0165    0.0165
    1.0000    1.0163    0.0163
    1.0000    1.0165    0.0165
    1.0000    1.0162    0.0162
    1.0000    1.0165    0.0165
    1.0000    1.0165    0.0165
    1.0000    1.0165    0.0165
    1.0000    0.6769   -0.3231
    1.0000    1.0163    0.0163
    1.0000    1.0164    0.0164
    1.0000    1.0165    0.0165
    1.0000    1.0030    0.0030
    1.0000    0.6667   -0.3333
    1.0000    0.9934   -0.0066
    1.0000    1.0165    0.0165
    1.0000    1.0165    0.0165
    1.0000    1.0161    0.0161
    1.0000    1.0116    0.0116
    1.0000    1.0165    0.0165
    1.0000    1.0165    0.0165
    1.0000    1.0165    0.0165
    1.0000    1.0155    0.0155
    1.0000    1.0165    0.0165
    1.0000    1.0165    0.0165
    1.0000    1.0165    0.0165
    1.0000    1.0165    0.0165
    1.0000    1.0165    0.0165
    1.0000    1.0163    0.0163
    1.0000    1.0165    0.0165
    1.0000    1.0165    0.0165
    1.0000    1.0163    0.0163
    1.0000    1.0162    0.0162
    1.0000    1.0165    0.0165
    1.0000    1.0165    0.0165
    1.0000    1.0165    0.0165
    1.0000    1.0165    0.0165
    1.0000    1.0165    0.0165
    1.0000    1.0165    0.0165
    1.0000    0.8933   -0.1067
    1.0000    1.0165    0.0165
    1.0000    0.9983   -0.0017
         0    0.0573    0.0573
         0    0.0570    0.0570
         0    0.6705    0.6705
         0    0.2520    0.2520
         0    0.0699    0.0699
         0    0.5810    0.5810
         0    0.0791    0.0791
         0    0.0570    0.0570
         0    0.0592    0.0592
         0    0.0571    0.0571
         0    0.0578    0.0578
         0    0.6649    0.6649
         0    0.0570    0.0570
         0    0.0599    0.0599
         0    0.0570    0.0570
         0    0.0570    0.0570
         0    0.0570    0.0570
         0    0.0570    0.0570
         0    0.9327    0.9327
         0    0.0584    0.0584
         0    0.0570    0.0570
         0    0.6639    0.6639
         0    0.6656    0.6656
         0    0.0570    0.0570
         0    0.0570    0.0570
         0    0.0570    0.0570
         0    0.0570    0.0570
         0    0.0608    0.0608
         0    0.0570    0.0570
         0    0.9195    0.9195
         0    0.1048    0.1048
         0    0.0570    0.0570
         0    0.0570    0.0570
         0    0.0570    0.0570
         0    0.0570    0.0570
         0    0.0570    0.0570
         0    0.4109    0.4109
         0    0.0573    0.0573
         0    0.0570    0.0570
         0    0.6968    0.6968
         0    0.0570    0.0570
         0    0.6639    0.6639
         0    0.2116    0.2116
         0    0.0589    0.0589
         0    0.0571    0.0571
         0    0.0622    0.0622
         0    0.0570    0.0570
         0    0.7183    0.7183
         0    0.0586    0.0586
         0    0.0570    0.0570
         0    0.0572    0.0572
         0    0.0570    0.0570
         0    0.0571    0.0571
         0    0.0594    0.0594
         0    0.4047    0.4047
         0    0.0570    0.0570
         0    0.7076    0.7076
         0    0.0571    0.0571
         0    0.7673    0.7673
         0    0.0595    0.0595
         0    0.6639    0.6639
         0    0.0570    0.0570
         0    0.1847    0.1847
         0    0.0570    0.0570
         0    0.6732    0.6732
         0    0.0570    0.0570
         0    0.5863    0.5863
         0    0.0570    0.0570
         0    0.0570    0.0570
         0    0.6639    0.6639
         0    0.0572    0.0572
         0    0.6653    0.6653
         0    0.6639    0.6639
         0    0.0570    0.0570
         0    0.0695    0.0695
         0    0.0570    0.0570
         0    0.0570    0.0570
         0    0.6671    0.6671
         0    0.0570    0.0570
         0    0.0845    0.0845
         0    1.0165    1.0165
         0    0.8265    0.8265
         0    0.0905    0.0905
         0    0.6942    0.6942
         0    0.6639    0.6639
         0    0.8708    0.8708
         0    0.0576    0.0576
         0    0.0571    0.0571
         0    0.6639    0.6639
         0    0.0570    0.0570
         0    0.0570    0.0570
         0    0.0570    0.0570
         0    0.6639    0.6639
         0    0.6639    0.6639
         0    0.0570    0.0570
         0    0.0570    0.0570
         0    0.0570    0.0570
         0    0.6720    0.6720
         0    0.0570    0.0570
         0    0.0571    0.0571