61.6130 40.0845
65.5017 19.3436
53.2235 31.2011
62.5865 23.4657
60.9563 33.6422
56.0769 22.7961
58.6992 35.8796
61.0279 38.8724
70.7352 50.5427
68.3083 27.6705
55.9503  4.3397
69.1048 19.9249
62.1762 46.2551
59.8108 17.1341
62.1442 41.5314
59.3851 31.4886
59.6276 47.2404
64.4691  6.4692
64.2271 27.6276
64.2516 15.5059
62.0145 64.8961
56.3775 39.9026
62.1517 46.5477
64.8907 17.3018
61.4667 24.3766
63.1041 26.7304
62.1807 43.1811
59.0897 26.6655
60.8816 38.4185
57.6382  5.3782
62.6652 25.7538
56.5588 20.1170
56.7934 11.0753
57.5715 36.0957
51.1671 33.3838
64.3151 30.4018
60.9756 13.9959
57.7352 43.5299
64.1109 34.2022
54.8655 26.4112
59.6933 30.2747
59.2757 26.8561
60.9576  8.9975
60.9386 26.5722
57.4054 20.0236
59.9098 18.2495
59.5054 16.1232
61.8831 23.5973
63.2798  5.9684
63.3278 41.5708
57.4090 36.2407
60.2321 29.7597
56.3576 29.5827
56.6595 20.4220
59.9795 42.2242
64.5979 28.4014
57.6910 21.4256
61.1141 46.2166
59.3232 27.3027
63.3521 22.9317
56.7328 26.4750
60.0977 19.8249
61.6576 16.5585
63.3018 60.3120
64.6326 49.8660
60.2578 33.6904
55.5252 14.9146
57.7731 19.6144
56.8153 27.8816
67.0514 39.4970
58.1532 14.0159
62.2442  2.0416
59.4227 12.6108
62.6658 34.0021
57.7055 34.6962
55.7932 35.4202
55.7329 28.4366
61.4646 32.2043
59.4679 24.2862
59.4118 40.3443
64.2579 13.6597
60.8748 35.4604
60.5934 19.8155
64.7631 25.9814
57.5866 36.6334
62.0899 42.4691
62.5053 16.5883
59.2689 45.1279
60.6470 37.9217
56.5025 29.1856
56.5561 27.6573
60.3146 27.3887
62.1668 26.3627
67.7565 30.2765
57.9993 30.6155
60.5620 39.9128
59.7525 48.3237
54.2009 35.6030
58.6831 27.4834
54.6160 37.5023
53.6130 32.5211
57.5017 27.3359
45.2235 30.3003
54.5865 28.3664
52.9563 30.9106
48.0769 28.1990
50.6992 31.4699
53.0279 32.2181
62.7352 35.1357
60.3083 29.4176
47.9503 23.5849
61.1048 27.4812
54.1762 34.0638
51.8108 26.7835
54.1442 32.8829
51.3851 30.3721
51.6276 34.3101
56.4691 24.1173
56.2271 29.4069
56.2516 26.3765
54.0145 38.7240
48.3775 32.4757
54.1517 34.1369
56.8907 26.8255
53.4667 28.5942
55.1041 29.1826
54.1807 33.2953
51.0897 29.1664
52.8816 32.1046
49.6382 23.8446
54.6652 28.9385
48.5588 27.5292
48.7934 25.2688
49.5715 31.5239
43.1671 30.8460
56.3151 30.1004
52.9756 25.9990
49.7352 33.3825
56.1109 31.0505
46.8655 29.1028
51.6933 30.0687
51.2757 29.2140
52.9576 24.7494
52.9386 29.1430
49.4054 27.5059
51.9098 27.0624
51.5054 26.5308
53.8831 28.3993
55.2798 23.9921
55.3278 32.8927
49.4090 31.5602
52.2321 29.9399
48.3576 29.8957
48.6595 27.6055
51.9795 33.0561
56.5979 29.6003
49.6910 27.8564
53.1141 34.0542
51.3232 29.3257
55.3521 28.2329
48.7328 29.1187
52.0977 27.4562
53.6576 26.6396
55.3018 37.5780
56.6326 34.9665
52.2578 30.9226
47.5252 26.2286
49.7731 27.4036
48.8153 29.4704
59.0514 32.3742
50.1532 26.0040
54.2442 23.0104
51.4227 25.6527
54.6658 31.0005
49.7055 31.1741
47.7932 31.3550
47.7329 29.6091
53.4646 30.5511
51.4679 28.5715
51.4118 32.5861
56.2579 25.9149
52.8748 31.3651
52.5934 27.4539
56.7631 28.9953
49.5866 31.6584
54.0899 33.1173
54.5053 26.6471
51.2689 33.7820
52.6470 31.9804
48.5025 29.7964
48.5561 29.4143
52.3146 29.3472
54.1668 29.0907
59.7565 30.0691
49.9993 30.1539
52.5620 32.4782
51.7525 34.5809
46.2009 31.4007
50.6831 29.3709
46.6160 31.8756
46.8323 22.2398
34.7023 19.1546
54.4922 23.2345
48.0706 24.0309
46.3517 24.5732
50.1525 19.9265
47.6141 23.3481
35.5851 22.3019
43.3766 24.4782
43.5395 23.6085
39.6799 24.6937
61.8210 21.6042
36.2427 21.5584
40.1618 25.0233
37.8800 15.6290
33.2579 20.4862
43.0776 18.1882
42.2593 20.8522
60.3007 23.9460
42.5098 24.4772
34.3579 18.9552
61.0346 20.5868
57.3468 22.4111
42.7037 21.1244
29.9384 22.9055
40.5537 23.1998
43.4406 19.2101
47.7607 21.4695
42.3884 15.6037
49.4342 25.4361
48.9189 20.1127
32.4932 18.3885
35.5204 21.2382
37.5889 17.7141
39.9218 21.9374
41.7942 20.3180
45.1247 28.5333
14.7082 25.4154
40.4299 14.5093
57.4245 23.3240
34.3330 17.8056
54.3373 21.2348
48.5032 22.4932
44.7099 24.2432
46.8245 21.1809
29.3494 26.7289
44.1546 20.5572
61.0395 22.9825
45.9835 23.9942
45.4137 22.2556
37.6583 24.6429
44.6919 22.9696
47.3235 19.6476
49.2639 16.5839
41.2719 27.5758
42.6355 20.1864
65.2369 22.3101
22.4165 23.6895
67.2945 22.3408
48.3756 19.2858
55.0006 20.5969
28.3584 21.6253
39.0997 26.4369
42.2194 19.4176
49.2272 24.3540
28.2980 22.9259
49.7163 21.2984
32.8715 18.8291
45.6619 21.1476
51.5236 21.7399
48.2706 17.5918
55.8263 22.5765
55.0608 19.5331
38.4909 21.7173
47.5706 23.0086
35.5562 19.2860
31.7821 21.1352
54.2483 23.0502
45.0005 16.4924
44.4508 25.1079
54.1113 29.2734
50.9458 24.8782
48.5020 21.0527
57.5025 23.2859
54.2979 18.8920
47.3976 27.6336
38.0964 24.8221
38.4845 24.3620
56.9210 19.3724
28.8817 22.9598
44.7554 20.3251
25.5115 21.0657
55.2050 20.2900
53.6172 18.9228
45.0116 19.2738
44.2916 21.3703
20.1372 16.9034
50.8117 23.8228
23.0757 21.6466
21.8072 24.0975