46.8323 22.2398
34.7023 19.1546
54.4922 23.2345
48.0706 24.0309
46.3517 24.5732
50.1525 19.9265
47.6141 23.3481
35.5851 22.3019
43.3766 24.4782
43.5395 23.6085
39.6799 24.6937
61.8210 21.6042
36.2427 21.5584
40.1618 25.0233
37.8800 15.6290
33.2579 20.4862
43.0776 18.1882
42.2593 20.8522
60.3007 23.9460
42.5098 24.4772
34.3579 18.9552
61.0346 20.5868
57.3468 22.4111
42.7037 21.1244
29.9384 22.9055
40.5537 23.1998
43.4406 19.2101
47.7607 21.4695
42.3884 15.6037
49.4342 25.4361
48.9189 20.1127
32.4932 18.3885
35.5204 21.2382
37.5889 17.7141
39.9218 21.9374
41.7942 20.3180
45.1247 28.5333
14.7082 25.4154
40.4299 14.5093
57.4245 23.3240
34.3330 17.8056
54.3373 21.2348
48.5032 22.4932
44.7099 24.2432
46.8245 21.1809
29.3494 26.7289
44.1546 20.5572
61.0395 22.9825
45.9835 23.9942
45.4137 22.2556
37.6583 24.6429
44.6919 22.9696
47.3235 19.6476
49.2639 16.5839
41.2719 27.5758
42.6355 20.1864
65.2369 22.3101
22.4165 23.6895
67.2945 22.3408
48.3756 19.2858
55.0006 20.5969
28.3584 21.6253
39.0997 26.4369
42.2194 19.4176
49.2272 24.3540
28.2980 22.9259
49.7163 21.2984
32.8715 18.8291
45.6619 21.1476
51.5236 21.7399
48.2706 17.5918
55.8263 22.5765
55.0608 19.5331
38.4909 21.7173
47.5706 23.0086
35.5562 19.2860
31.7821 21.1352
54.2483 23.0502
45.0005 16.4924
44.4508 25.1079
54.1113 29.2734
50.9458 24.8782
48.5020 21.0527
57.5025 23.2859
54.2979 18.8920
47.3976 27.6336
38.0964 24.8221
38.4845 24.3620
56.9210 19.3724
28.8817 22.9598
44.7554 20.3251
25.5115 21.0657
55.2050 20.2900
53.6172 18.9228
45.0116 19.2738
44.2916 21.3703
20.1372 16.9034
50.8117 23.8228
23.0757 21.6466
21.8072 24.0975