6.150926442520385251e+01 5.339571775349890714e+01
5.821559067767604745e+01 4.168852846449325966e+00
5.448987597181966436e+01 1.465551460115841564e+01
5.528343555615040827e+01 2.685344353412825313e+01
4.635609239468943343e+01 3.325799038965261190e+01
4.814567966042339009e+01 2.509455202161104026e+01
5.435145960338108750e+01 4.974292563835925307e+01
4.272356333640121306e+01 2.842978478149146326e+01
5.286374363206889626e+01 3.333364970706105623e+01
5.368977047575725692e+01 1.783534027653412934e+01
6.088513419870875509e+01 1.190038848129621130e+01
5.234664038967558497e+01 2.910424844880322581e+01
5.255209697388070111e+01 2.559856576846082277e+01
5.679480797258781877e+01 2.063383144678073222e+01
5.950106519440551267e+01 1.862751768130784313e+01
4.931449484101607794e+01 3.354601281409514968e+01
5.700216514012284819e+01 3.280145840196252749e+01
5.585364981330645406e+01 2.973925128127965678e+01
5.446307039263700744e+01 3.089762476743294073e+01
5.459718146765266056e+01 3.208836487601835330e+01
3.217065850395448479e+01 2.439462752477801288e+01
5.975741387956078654e+01 1.749710647523500384e+01
5.751709009455356636e+01 2.882190320882317280e+01
3.988364077471001679e+01 2.565495197856466092e+01
5.289217798939609594e+01 3.249639810025684739e+01
6.321064125776563714e+01 6.421162370719527246e+01
6.029270214408441575e+01 3.617528011998717830e+01
2.743406555629915289e+01 1.816348725911785777e+01
6.358154336413249297e+01 3.522857519686336758e+01
6.412947507353146648e+01 3.512420888329387481e+01
6.100047011448330636e+01 2.902853594382773750e+01
6.576662868746774393e+01 3.055196386784085760e+01
5.141252729219051076e+01 3.227259842560391689e+01
6.026165068384233336e+01 1.901891480678666113e+01
6.388226334581468535e+01 2.758626202561582375e+01
5.424415048132807726e+01 3.305240471350062137e+01
5.042772261814581469e+01 2.582154203757286481e+01
3.984909793933196909e+01 2.386856948382476418e+01
4.841574061270492990e+01 2.737441373309961179e+01
6.180354045963889575e+01 6.253156276404837399e+00
5.465429715272533429e+01 3.188808570321617708e+01
5.307952618781641263e+01 2.992338747360771478e+01
5.226749132761619876e+01 2.977100425824750829e+01
5.778226540634288710e+01 2.256731155980991232e+01
5.458334715857375841e+01 2.628235434615415755e+01
5.406419084829428101e+01 1.851395673357154692e+01
5.401940693926771075e+01 2.866055567844432872e+01
5.941856571180401403e+01 1.698276120584847604e+01
5.293891763856019139e+01 2.632105528713064402e+01
5.409317099513259564e+01 3.590797686555901436e+01
5.594110397652920597e+01 1.318913651681218724e+01
5.424514858946577078e+01 2.988617172892103468e+01
4.909887261228744393e+01 2.132970302335423440e+01
5.478713029367578713e+01 3.436892157093502931e+01
6.423245688663088515e+01 2.643598156173563751e+01
5.619433337408272422e+01 3.702347503971536469e+01
4.136967516242599174e+01 2.031438671588366418e+01
3.720094759695328435e+01 1.967913858328328303e+01
6.011072814868209946e+01 1.891756931402820641e+01
6.022043840555063099e+01 3.006939631925415668e+01
6.545224446587650391e+01 2.673514986289091055e+01
3.755200751231362943e+01 2.295712706746584431e+01
5.505271061830520551e+01 2.820100485150649305e+01
4.927132981735576323e+01 3.327946561976258266e+01
6.373105778098376817e+01 3.784971622157543436e+01
5.272581223632345626e+01 2.292287376116892261e+01
5.749238968545434858e+01 4.241237854079591330e+01
6.509643974609460315e+01 2.336996978362149235e+01
4.210915466809880314e+01 2.139318177475910332e+01
4.480509290232258479e+01 2.194490231231245048e+01
4.671379753360708520e+01 1.957826138608928801e+01
5.109872039931907040e+01 2.992589664811902495e+01
5.302508459273442298e+01 2.497970556510851736e+01
4.203474697822343131e+01 2.743721425069318443e+01
6.319545948620255160e+01 1.735390389917940368e+01
4.752396614745230607e+01 2.204113191006399219e+01
5.001317496244784877e+01 3.244471974073637455e+01
5.307411656128582678e+01 2.996645671506840003e+01
5.394496193510670423e+01 2.229165483416428017e+01
5.436734267867863224e+01 2.416379299594888863e+01
4.576032866633848073e+01 2.309282871221297029e+01
4.848331991196238988e+01 3.163841332336032863e+01
5.835103024779176906e+01 3.661665480978426501e+01
5.746766560681520986e+01 2.620477631806200591e+01
4.964813894557659069e+01 3.207471807432987276e+01
5.321636737804019646e+01 2.675390934437962187e+01
5.540757479067291769e+01 3.166183436182889110e+01
5.513919842045540776e+01 3.109400350868683205e+01
5.717947661974591966e+01 2.657391256830169723e+01
5.332615474727676741e+01 2.390962281685096613e+01
6.009109079690686883e+01 4.369782237386858981e+01
6.454964598124131214e+01 2.241007672778336257e+01
5.264869258667211227e+01 3.179407442772705039e+01
6.444271206275276143e+01 3.631875013726096313e+01
3.706173706808862534e+01 2.638660993962242785e+01
6.505020717316595835e+01 3.977832911284942696e+01
5.778738055880892688e+01 1.999737210370425089e+01
4.813203907492774647e+01 2.060671897111426176e+01
2.841832125524087260e+01 2.528664344253533613e+01
5.598730167365128807e+01 2.340029008731737648e+01
4.959071723791544883e+01 2.720217197868847947e+01
6.153551015612229946e+01 3.544891585954449198e+01
6.614530777984697352e+01 1.901617023832152853e+01
5.154932487214234271e+01 3.214836968600464218e+01
3.203265953389292520e+01 2.365310850605727566e+01
4.063565176490258324e+01 2.094140424703612879e+01
6.097854903118913228e+01 1.164883829432443463e+01
4.520861521133971195e+01 3.129629074584652315e+01
5.957372561197519190e+01 3.036043651571772983e+01
5.740024459590409123e+01 2.004467634651857821e+01
3.983309807014724413e+01 2.303866891397938588e+01
6.144074947653086838e+01 2.145295289157332874e+01
6.301256185858816394e+01 7.672943978368699902e+00
4.973337191601625307e+01 3.277846392226922489e+01
5.970391082769700120e+01 3.599209417508221520e+01
5.260101947410660728e+01 2.916928316162266910e+01
4.422313841377182797e+01 2.027182554999876984e+01
5.930541897095213955e+01 1.777609166486214676e+01
4.051400195055246201e+01 2.664296074487450738e+01
5.311688148888661232e+01 3.449490490458011749e+01
4.450882688399259024e+01 2.359748234096763397e+01
5.676340768181979968e+01 2.813706009554858412e+01
6.035458835484108420e+01 2.681521593097520295e+01
5.873782690898239878e+01 3.539909365681756270e+01
4.889356687275716951e+01 1.739142094251263515e+01
6.182210389225291181e+01 1.868190160050163939e+01
3.643353031850116253e+01 2.622267769090904821e+01
5.997943957578910101e+01 2.404256849267225959e+01
6.151289982024930225e+01 2.320166034674807776e+01
5.872849983421275510e+01 3.292942689491463426e+01
4.181652298111541199e+01 2.259858937772715493e+01
5.552730740571981016e+01 2.688594786423613314e+01
5.029519673257457413e+01 3.122083527247161072e+01
5.454706500688882898e+01 2.868856751998126953e+01
4.575851836977855669e+01 2.537323725551415876e+01
5.160893441481851340e+01 2.732950728784862804e+01
5.804521444678214692e+01 3.521379258330078699e+01
5.162606010880772089e+01 2.543867930322459259e+01
6.447793666033726367e+01 3.177485961763837707e+01
4.495847872544774049e+01 2.269142666204884407e+01
6.352529359960651334e+01 4.985586341493404205e+01
4.832227441927919642e+01 2.914305988931494440e+01
5.300971288852767316e+01 3.276909468754016075e+01
5.082069997033021025e+01 2.586735980923572598e+01
5.087588973444395890e+01 3.419953362540736919e+01
5.052749877386592914e+01 3.107140987567599666e+01
4.490907618043545568e+01 2.108351587000068506e+01
5.673543228512102132e+01 3.683170186565565984e+01
5.035915382379733529e+01 3.810018975263144370e+01
5.933718446871073127e+01 4.382826653814669982e+01
3.224840174007941584e+01 1.723011345410169781e+01
6.291107207171515370e+01 1.508399781919812099e+01
3.187633391871886346e+01 2.456712732391241261e+01
4.422291418417658093e+01 2.488215605006189790e+01
5.200218978722895713e+01 1.111433209374983022e+01
3.408111613346936508e+01 2.396040222634608696e+01
5.018687032779553903e+01 1.983772006441815705e+01
5.244025764495153652e+01 2.914277521394056336e+01
4.415835976658090800e+01 2.882081154103421028e+01
5.531489963304304780e+01 2.885005546967942180e+01
3.664747188127914512e+01 2.388642879777450290e+01
5.567486028576670520e+01 2.109558495880057194e+01
4.889444145644728223e+01 3.194799749890576734e+01
5.840854432690680653e+01 9.297266980861387253e+00
4.611743791614807009e+01 2.579500803520778618e+01
5.922281165878316500e+01 2.924650638003194558e+01
5.725571335192618960e+01 4.821675523950766262e+01
2.300882190647993752e+01 2.159847560255490606e+01
5.312084780465119138e+01 2.922216335579752311e+01
4.654459129083788582e+01 2.720789133819477712e+01
5.945148141083950577e+01 3.827414406584814088e+01
6.250955206329399516e+01 4.696165724550605347e+01
4.696978170453215284e+01 2.158105058098361795e+01
5.141306706827781170e+01 2.906879614398014766e+01
6.286228866294030837e+01 3.261165224879238167e+01
5.925566575148552317e+01 3.025626834945277821e+01
6.019549734651626238e+01 3.391497992564735853e+01
6.102048321604087988e+01 3.005054351853879879e+01
5.122079194333605301e+01 2.792691846207930695e+01
5.279951264968836000e+01 3.071223768867507786e+01
4.982796494947709220e+01 2.218079068068336568e+01
5.147361166189165971e+01 3.108399360723853277e+01
3.593876750258370834e+01 2.083897535100158649e+01
4.921944730568241511e+01 2.507127460024400278e+01
4.926643065134420141e+01 2.077009229331900642e+01
5.011317509410786641e+01 1.819287148135549259e+01
5.135320787201435877e+01 2.976824652764046775e+01
5.479227396507388903e+01 2.850802611146272270e+01
3.423523433535653737e+01 2.399214160739772694e+01
5.086734653452603538e+01 2.984314977715418848e+01
5.866215228796542647e+01 3.248803926563343936e+01
6.130603184966794572e+01 4.306008519461862249e+01
4.246110294136175156e+01 2.165640638043013055e+01
6.051956121980767733e+01 3.073311213222546456e+01
4.622029857094032934e+01 2.489869070933842465e+01
6.059073865590411856e+01 4.036943077172733751e+01
5.234402956201702750e+01 3.038151181213346419e+01
5.341169173105018331e+01 2.307860104984353100e+01
5.789771238103837447e+01 2.880392382256660966e+01
3.512020903127206140e+01 1.945914698359477413e+01
4.660825703673608444e+01 2.021452055787758084e+01
5.409878778858775661e+01 2.539494231928883039e+01
5.999452997439389890e+01 3.680803528197875352e+01
5.062255528252539705e+01 2.493917376723678458e+01
5.019374296108729538e+01 2.926621610775897864e+01
5.307310037148545945e+01 2.734885138109318348e+01
5.328989031991658720e+01 2.794150184449804897e+01
5.395873005773096764e+01 2.568619105434260774e+01
5.842088985721943573e+01 3.672017328286055005e+01
5.614735990482223826e+01 2.560482948082919563e+01
5.235682010276876497e+01 2.328074780075847983e+01
6.635770102246361546e+01 3.183978436016868940e+01
6.015971227046376413e+01 4.578348136036162686e+01
4.104820284473424152e+01 1.985357213426324918e+01
5.882616262336910751e+01 3.402183065627848890e+01
6.115802351714310703e+01 3.450033938227717556e+01
6.077070746653014766e+01 3.596723428357348951e+01
4.379260505669942205e+01 2.522226108999172567e+01
5.878009809015040332e+01 3.319038819826859310e+01
5.359866861547320127e+01 2.255591408331401837e+01
5.194995504688829158e+01 3.484039690320835803e+01
3.894514490293396136e+01 2.027964239730677676e+01
6.468388652603208300e+01 4.324581995967700720e+01
4.516233056996433959e+01 1.766803338304776361e+01
5.337171762442436318e+01 2.709036511394151958e+01
5.848892875758600951e+01 1.874088767328680660e+01
5.024064123769352364e+01 2.532431125562572305e+01
5.505251341277475063e+01 2.700291848178681064e+01
4.715413563382003304e+01 2.022451519216007654e+01
4.977545609530206150e+01 2.964128621720288592e+01
6.230878677146504430e+01 -3.879726182733811868e+00
4.895757889583279621e+01 2.822950651334535621e+01
5.799372708295744161e+01 2.918595181517357062e+01
4.627704047218922057e+01 3.408209970515229514e+01
4.942683620799076039e+01 2.479817538692323353e+01
5.227540780084694916e+01 3.240895786482317220e+01
5.719420168166836049e+01 3.230900491001988684e+01
6.377686147149114504e+01 2.306867038470135967e+01
5.733209204079047083e+01 2.867220526671688319e+01
5.785445454646132646e+01 2.200695226939834725e+01
5.409987413435709414e+01 1.898118920248433739e+01
5.292831720516562655e+01 2.637412928301745296e+01
6.028471936573738077e+01 3.241810637496202929e+01
4.667588247436766125e+01 3.482172947654563444e+01
5.973494246738039948e+01 2.935090237063992191e+01
5.646874121102253241e+01 3.195076281543396135e+01
5.359279230978769704e+01 2.691813767044726546e+01
5.616338142127474953e+01 3.851991097784252815e+01
5.631715503916682763e+01 2.449494784173985806e+01
6.118454328089615046e+01 5.957472164209056587e+01
5.945486456580639612e+01 3.191716277927785583e+01
4.552961791493950017e+01 3.574877241697178931e+01
4.963817888218210328e+01 2.824651243544220947e+01
5.867527566255085247e+01 1.464197578871769245e+01
5.701279151576177640e+01 1.487669778172055857e+01
4.862051163653307384e+01 2.052311058883958950e+01
5.057586121437027771e+01 2.286934004884549410e+01
5.132065888856419633e+01 3.196683981681172426e+01
5.870579014609034374e+01 2.130566538946054678e+01
2.870363594289371179e+01 2.114573381965271537e+01
3.974312054834676644e+01 1.913936293946281353e+01
4.874034846536342513e+01 3.179685122253324536e+01
4.163608121560378095e+01 2.340260520471526107e+01
5.044821091477277974e+01 3.387248462875093225e+01
5.962816916182472937e+01 1.924767202978948788e+01
3.490746032899443207e+01 2.302172510389589277e+01
5.589725305093840291e+01 3.923916709662420033e+01
5.953009772390552001e+01 3.423557317090760677e+01
5.315279275662323499e+01 3.285972009739869293e+01
4.916091301579305650e+01 2.996409810316778533e+01
5.672273024790766272e+01 2.886709493095890267e+01
4.077979522374192101e+01 1.707415665541287098e+01
5.349504172543678493e+01 2.886144770057905617e+01
5.345211161563179303e+01 2.865111947250569813e+01
5.987172217661977669e+01 2.802480977549290841e+01
5.577177551686300916e+01 1.144358015561557806e+01
5.165943189687509118e+01 3.107984500991573995e+01
4.270644522567046408e+01 2.418457244352039481e+01
6.235624584045653762e+01 4.029989090006803565e+01
4.191055042110195927e+01 2.123725266861196204e+01
4.847720092381695878e+01 1.943759475915415891e+01
5.311204200359208016e+01 3.530475850180747699e+01
5.306554914343356444e+01 2.430833971802748295e+01
6.148452561233550995e+01 3.566174934067021951e+01
6.172890384737240055e+01 2.801434984649483084e+01
5.185661341656000900e+01 3.343473609818390457e+01
6.142523202688152395e+01 1.692771873439869523e+01
4.295383221857719747e+01 2.213889059781499213e+01
6.103094500895814178e+01 2.452788490899154539e+01
3.394676038007852270e+01 2.626724561796642377e+01
5.307856641144157095e+01 3.236619187175115542e+01
5.268328546840222515e+01 1.538570711615475872e+01
3.562389611132752520e+01 2.149250175014534037e+01
2.634037535947394559e+01 2.230133139632158290e+01
4.666701133152026415e+01 2.069263076830566206e+01
4.581549667478424226e+01 1.551420303373600262e+01
5.984269049708558441e+01 1.861714921458928274e+01
4.304555563897574189e+01 1.887269693083818467e+01
5.803342175896497679e+01 1.989925233989920628e+01
5.265052261838984293e+01 3.094608703430063557e+01
