0
81
88
118
141
159
96
289
115
238
42
167
285
221
2
120
139
102
119
181
298
75
196
226
101
28
68
204
54
26
27
57
154
55
37
121
246
206
145
70
59
197
165
284
274
207
149
32
146
106
275
142
201
182
52
5
216
283
91
21
271
267
17
166
92
296
87
30
297
265
223
122
155
255
95
278
189
117
236
126
292
177
127
12
183
187
168
184
185
215
49
98
114
13
247
25
63
269
254
66
151
83
282
199
231
291
79
124
58
266
228
240
1
160
14
132
210
90
202
192
286
233
77
76
212
50
224
33
16
19
203
179
130
172
272
163
72
136
10
205
45
195
173
112
190
104
242
148
157
53
230
8
208
262
82
252
270
161
229
150
241
299
128
34
295
24
6
217
123
152
4
84
239
147
61
69
80
38
188
110
253
111
276
235
273
232
133
144
214
107
35
60
220
36
294
43
135
71
39
213
249
105
46
116
100
198
180
171
29
209
237
22
31
225
74
15
56
218
78
244
153
219
85
211
143
248
175
108
200
191
47
258
129
169
277
131
51
281
194
97
251
227
89
162
62
48
7
3
156
67
18
178
193
99
9
268
261
138
44
290
222
164
260
176
86
288
73
65
113
109
125
243
186
103
11
20
134
293
23
280
257
137
234
93
40
158
41
287
140
263
174
94
259
279
256
245
64
250
264
170
