   53.6130   32.5211
   57.5017   27.3359
   45.2235   30.3003
   54.5865   28.3664
   52.9563   30.9106
   48.0769   28.1990
   50.6992   31.4699
   53.0279   32.2181
   62.7352   35.1357
   60.3083   29.4176
   47.9503   23.5849
   61.1048   27.4812
   54.1762   34.0638
   51.8108   26.7835
   54.1442   32.8829
   51.3851   30.3721
   51.6276   34.3101
   56.4691   24.1173
   56.2271   29.4069
   56.2516   26.3765
   54.0145   38.7240
   48.3775   32.4757
   54.1517   34.1369
   56.8907   26.8255
   53.4667   28.5942
   55.1041   29.1826
   54.1807   33.2953
   51.0897   29.1664
   52.8816   32.1046
   49.6382   23.8446
   54.6652   28.9385
   48.5588   27.5292
   48.7934   25.2688
   49.5715   31.5239
   43.1671   30.8460
   56.3151   30.1004
   52.9756   25.9990
   49.7352   33.3825
   56.1109   31.0505
   46.8655   29.1028
   51.6933   30.0687
   51.2757   29.2140
   52.9576   24.7494
   52.9386   29.1430
   49.4054   27.5059
   51.9098   27.0624
   51.5054   26.5308
   53.8831   28.3993
   55.2798   23.9921
   55.3278   32.8927
   49.4090   31.5602
   52.2321   29.9399
   48.3576   29.8957
   48.6595   27.6055
   51.9795   33.0561
   56.5979   29.6003
   49.6910   27.8564
   53.1141   34.0542
   51.3232   29.3257
   55.3521   28.2329
   48.7328   29.1187
   52.0977   27.4562
   53.6576   26.6396
   55.3018   37.5780
   56.6326   34.9665
   52.2578   30.9226
   47.5252   26.2286
   49.7731   27.4036
   48.8153   29.4704
   59.0514   32.3742
   50.1532   26.0040
   54.2442   23.0104
   51.4227   25.6527
   54.6658   31.0005
   49.7055   31.1741
   47.7932   31.3550
   47.7329   29.6091
   53.4646   30.5511
   51.4679   28.5715
   51.4118   32.5861
   56.2579   25.9149
   52.8748   31.3651
   52.5934   27.4539
   56.7631   28.9953
   49.5866   31.6584
   54.0899   33.1173
   54.5053   26.6471
   51.2689   33.7820
   52.6470   31.9804
   48.5025   29.7964
   48.5561   29.4143
   52.3146   29.3472
   54.1668   29.0907
   59.7565   30.0691
   49.9993   30.1539
   52.5620   32.4782
   51.7525   34.5809
   46.2009   31.4007
   50.6831   29.3709
   46.6160   31.8756